110352873
11675722
1173413403236257792
1212607092600606722
1346799420709294081
1402819429289758720
1550580288786350080
155252642
1553713718
1558317849508122629
1596913744403378177
1613079089879076864
1637740320829087745
1679820088701222918
1714100357582770176
1723934849386643456
1748578133564104704
1786231617478160384
188330055
18896395
2183277272
283511225
296593919
3003486236
347139433
382673585
3876168012
561612944
85875473
876592380555673601
910316409149726720
915881319967727616
918416309485891584
975329340